#Wed Oct 28 16:47:54 CET 2009
CATEGORY.x.y=913.93164;262.31714
ID_GEN.x.y=1334.3679;282.04074
TAG.x.y=1060.7687;736.0892
ADDRESS.x.y=466.4053;420.8866
SELLERCONTACTINFO.x.y=642.68945;302.46368
headline.x.y.width.height=537.4835;53.28635;855.32153;85.63435
legend.x.y.width.height=49.26542;1171.2456;506.02753;172.29407
ZIPLOCATION.x.y=1102.6101;302.0606
TAG_ITEM.x.y=813.5364;866.6872
SCHEMA_VERSION.x.y=137.36896;504.891
ITEM.x.y=756.26324;639.82935
PRODUCT.x.y=923.31714;418.45044
