#Thu Feb 26 00:22:47 CET 2009
IP_bluebrim.improved.name=IP_Terminal
IP_InteractiveReading.x.y=456.91513;79.35217
IP_Signal.improved.name=IP_TimeSeries
IP_Job.x.y=963.8016;121.07529
IP_ExecuteProgramJob.x.y=1181.7722;168.33147
IP_Sequence.x.y=1108.8292;858.7412
IP_JobLog.x.y=984.2144;412.9628
IP_Group.improved.name=IP_TimeSeriesGroupMember
IP_IMasterProfile.x.y=48.3897;544.2432
headline.x.y.width.height=424.6572;3.973891;703.7738;75.9316
IP_ExportConfig.x.y=971.9068;842.98627
IP_AlertDefinition.x.y=1111.177;1000.91266
IP_Alert.x.y=1437.1941;1011.7586
IP_LbpEvent.x.y=611.90424;150.81276
IP_EventLog.x.y=1431.9303;736.0013
IP_Signal.x.y=480.2187;255.58981
IP_AuditLog.x.y=981.13055;663.0582
IP_EventLog.improved.name=IP_Event
IP_ExportConfigGroup.improved.name=IP_ExportConfigTimeSeriesGroup
IP_UserLabels.x.y=1416.7302;305.5368
IP_ExportJob.x.y=1196.7882;77.44613
IP_MeterDayReading.x.y=734.06396;548.38837
IP_LbpLoadSurvey.x.y=735.6509;382.34216
IP_AlertSuppress.x.y=1272.3073;1001.7186
IP_AuditSession.x.y=1156.6285;684.8553
IP_Label.x.y=1392.2318;465.02866
IP_GroupName.improved.name=IP_TimeSeriesGroup
IP_User.x.y=1424.6028;116.501884
IP_CollectionProfileEntry.x.y=37.266323;756.9156
sysdiagrams.x.y=714.1698;1017.5
IP_IMaster.x.y=53.54651;232.47862
IP_Meter.x.y=246.95161;97.15813
IP_UserLabels.improved.name=IP_UserLabel
IP_LbpMidnightData.x.y=734.73975;226.53876
IP_Alias.x.y=65.86058;30.35199
IP_GroupName.x.y=511.34784;904.73615
IP_ExportConfigGroup.x.y=745.25275;899.77704
IP_IMasterStatistics.x.y=1178.0927;500.71915
IP_SQLScriptMgmt.x.y=1257.0457;872.3205
legend.x.y.width.height=29.88441;886.408;423.37814;209.8537
IP_CollectionJob.x.y=1174.4132;308.1201
IP_MeterIntervallReading.x.y=602.7762;729.7135
IP_bluebrim.x.y=246.59328;486.78857
IP_Group.x.y=380.25708;773.3576
