#Wed Jan 14 16:56:00 CET 2009
headline.x.y.width.height=435.79092;37.37381;772.28845;77.27855
legend.x.y.width.height=43.637337;942.5665;416.3734;100.0
IP_MeterIntervalData.x.y=963.91455;686.9573
IP_Users.x.y=465.04483;401.75775
IP_MeterSources.x.y=970.1484;239.36284
IP_UserMeterSources.x.y=713.88654;466.74332
IP_MeterDataStatus.x.y=1251.921;693.19104
IP_Tariff.x.y=475.7678;738.43787
IP_MeterDataUnit.x.y=714.5583;699.425
IP_Customer.x.y=455.3185;174.3805
